  3.0000000e+001  1.0849438e-007  4.1676252e-008 -2.9836940e+001 -4.4053290e+001
  3.2000000e+001  1.0413011e-007  4.0938166e-008 -3.0420000e+001 -4.1060000e+001
  3.4000000e+001  9.9859689e-008  3.9816328e-008 -3.1058540e+001 -3.8135290e+001
  3.6000000e+001  9.5676177e-008  3.8352290e-008 -3.1752560e+001 -3.5279160e+001
  3.8000000e+001  9.1572618e-008  3.6587603e-008 -3.2502060e+001 -3.2491610e+001
  4.0000000e+001  8.7542061e-008  3.4563821e-008 -3.3307040e+001 -2.9772640e+001
  4.2000000e+001  8.3577553e-008  3.2322495e-008 -3.4167500e+001 -2.7122250e+001
  4.4000000e+001  7.9672142e-008  2.9905177e-008 -3.5083440e+001 -2.4540440e+001
  4.6000000e+001  7.5818875e-008  2.7353420e-008 -3.6054860e+001 -2.2027210e+001
  4.8000000e+001  7.2010801e-008  2.4708776e-008 -3.7081760e+001 -1.9582560e+001
  5.0000000e+001  6.8240967e-008  2.2012797e-008 -3.8164140e+001 -1.7206490e+001
  5.2000000e+001  6.4502421e-008  1.9307036e-008 -3.9302000e+001 -1.4899000e+001
  5.4000000e+001  6.0788210e-008  1.6633045e-008 -4.0495340e+001 -1.2660090e+001
  5.6000000e+001  5.7091384e-008  1.4032375e-008 -4.1744160e+001 -1.0489760e+001
  5.8000000e+001  5.3404989e-008  1.1546580e-008 -4.3048460e+001 -8.3880100e+000
  6.0000000e+001  4.9722073e-008  9.2172111e-009 -4.4408240e+001 -6.3548400e+000
  6.2000000e+001  4.6035685e-008  7.0858209e-009 -4.5823500e+001 -4.3902500e+000
  6.4000000e+001  4.2338871e-008  5.1939616e-009 -4.7294240e+001 -2.4942400e+000
  6.6000000e+001  3.8624680e-008  3.5831855e-009 -4.8820460e+001 -6.6681000e-001
  6.8000000e+001  3.4886159e-008  2.2950448e-009 -5.0402160e+001  1.0920400e+000
  7.0000000e+001  3.1116357e-008  1.3710917e-009 -5.2039340e+001  2.7823100e+000
  7.2000000e+001  2.7308321e-008  8.5287846e-010 -5.3732000e+001  4.4040000e+000
  7.4000000e+001  2.3455098e-008  7.8195736e-010 -5.5480140e+001  5.9571100e+000
  7.6000000e+001  1.9549738e-008  1.1998806e-009 -5.7283760e+001  7.4416400e+000
  7.8000000e+001  1.5585287e-008  2.1482004e-009 -5.9142860e+001  8.8575900e+000
  8.0000000e+001  1.1554793e-008  3.6684691e-009 -6.1057440e+001  1.0204960e+001
  8.2000000e+001  7.4513048e-009  5.8022388e-009 -6.3027500e+001  1.1483750e+001
  8.4000000e+001  3.2678693e-009  8.5910618e-009 -6.5053040e+001  1.2693960e+001
  8.6000000e+001 -1.0024655e-009  1.2076490e-008 -6.7134060e+001  1.3835590e+001
  8.8000000e+001 -5.3666517e-009  1.6300077e-008 -6.9270560e+001  1.4908640e+001
  9.0000000e+001 -9.8316416e-009  2.1303373e-008 -7.1462540e+001  1.5913110e+001
