  3.0000000e+001  1.8924229e-007  8.1311433e-008  6.0000000e+000  0.0000000e+000
  3.2000000e+001  1.8046202e-007  7.9960927e-008  6.0000000e+000  0.0000000e+000
  3.4000000e+001  1.7168174e-007  7.8610420e-008  6.0000000e+000  0.0000000e+000
  3.6000000e+001  1.6290146e-007  7.7259913e-008  6.0000000e+000  0.0000000e+000
  3.8000000e+001  1.5376633e-007  7.3053145e-008  6.0000000e+000  0.0000000e+000
  4.0000000e+001  1.5339917e-007  6.6446361e-008  6.0000000e+000  0.0000000e+000
  4.2000000e+001  1.4802010e-007  6.2274123e-008  6.0000000e+000  0.0000000e+000
  4.4000000e+001  1.2785549e-007  5.5825457e-008  6.0000000e+000  0.0000000e+000
  4.6000000e+001  1.1436790e-007  4.6813828e-008  6.0000000e+000  0.0000000e+000
  4.8000000e+001  1.2535593e-007  4.2105001e-008  6.0000000e+000  0.0000000e+000
  5.0000000e+001  1.3446642e-007  3.7592765e-008  6.0000000e+000  0.0000000e+000
  5.2000000e+001  1.3111579e-007  3.3356993e-008  6.0000000e+000  0.0000000e+000
  5.4000000e+001  1.1813157e-007  2.9516946e-008  6.0000000e+000  0.0000000e+000
  5.6000000e+001  1.0636876e-007  2.6246894e-008  6.0000000e+000  0.0000000e+000
  5.8000000e+001  1.0430086e-007  2.6695970e-008  6.0000000e+000  0.0000000e+000
  6.0000000e+001  9.9755511e-008  2.9045743e-008  6.0000000e+000  0.0000000e+000
  6.2000000e+001  7.5930982e-008  2.7823238e-008  6.0000000e+000  0.0000000e+000
  6.4000000e+001  4.6983237e-008  2.2200578e-008  6.0000000e+000  0.0000000e+000
  6.6000000e+001  3.6743429e-008  1.3222180e-008  6.0000000e+000  0.0000000e+000
  6.8000000e+001  3.2513074e-008  1.0080648e-008  6.0000000e+000  0.0000000e+000
  7.0000000e+001  2.8832217e-008  9.2198402e-009  6.0000000e+000  0.0000000e+000
  7.2000000e+001  2.2416888e-008  6.9721187e-009  6.0000000e+000  0.0000000e+000
  7.4000000e+001  1.8650445e-008  6.1833584e-009  6.0000000e+000  0.0000000e+000
  7.6000000e+001  1.7173360e-008  7.0944888e-009  6.0000000e+000  0.0000000e+000
  7.8000000e+001  1.6499217e-008  6.5795281e-009  6.0000000e+000  0.0000000e+000
  8.0000000e+001  1.4501554e-008  5.4768678e-009  6.0000000e+000  0.0000000e+000
  8.2000000e+001  1.3093451e-008  4.9961081e-009  6.0000000e+000  0.0000000e+000
  8.4000000e+001  1.1685348e-008  4.5153484e-009  6.0000000e+000  0.0000000e+000
  8.6000000e+001  1.0277245e-008  4.0345888e-009  6.0000000e+000  0.0000000e+000
  8.8000000e+001  8.8691419e-009  3.5538291e-009  6.0000000e+000  0.0000000e+000
  9.0000000e+001  7.4610389e-009  3.0730695e-009  6.0000000e+000  0.0000000e+000
