  3.0000000e+001  1.0187157e-007  5.7789814e-008 -1.3337170e+001 -4.0839200e+001
  3.2000000e+001  9.8290469e-008  5.5991471e-008 -1.3750000e+001 -3.4850000e+001
  3.4000000e+001  9.4651300e-008  5.3824557e-008 -1.4218770e+001 -2.9233200e+001
  3.6000000e+001  9.0960416e-008  5.1333168e-008 -1.4743480e+001 -2.3988800e+001
  3.8000000e+001  8.7224166e-008  4.8561405e-008 -1.5324130e+001 -1.9116800e+001
  4.0000000e+001  8.3448898e-008  4.5553365e-008 -1.5960720e+001 -1.4617200e+001
  4.2000000e+001  7.9640961e-008  4.2353145e-008 -1.6653250e+001 -1.0490000e+001
  4.4000000e+001  7.5806703e-008  3.9004844e-008 -1.7401720e+001 -6.7352000e+000
  4.6000000e+001  7.1952472e-008  3.5552561e-008 -1.8206130e+001 -3.3528000e+000
  4.8000000e+001  6.8084618e-008  3.2040392e-008 -1.9066480e+001 -3.4280000e-001
  5.0000000e+001  6.4209490e-008  2.8512437e-008 -1.9982770e+001  2.2948000e+000
  5.2000000e+001  6.0333434e-008  2.5012793e-008 -2.0955000e+001  4.5600000e+000
  5.4000000e+001  5.6462801e-008  2.1585559e-008 -2.1983170e+001  6.4528000e+000
  5.6000000e+001  5.2603938e-008  1.8274832e-008 -2.3067280e+001  7.9732000e+000
  5.8000000e+001  4.8763195e-008  1.5124710e-008 -2.4207330e+001  9.1212000e+000
  6.0000000e+001  4.4946919e-008  1.2179292e-008 -2.5403320e+001  9.8968000e+000
  6.2000000e+001  4.1161460e-008  9.4826759e-009 -2.6655250e+001  1.0300000e+001
  6.4000000e+001  3.7413166e-008  7.0789595e-009 -2.7963120e+001  1.0330800e+001
  6.6000000e+001  3.3708385e-008  5.0122409e-009 -2.9326930e+001  9.9892000e+000
  6.8000000e+001  3.0053466e-008  3.3266183e-009 -3.0746680e+001  9.2752000e+000
  7.0000000e+001  2.6454757e-008  2.0661898e-009 -3.2222370e+001  8.1888000e+000
  7.2000000e+001  2.2918608e-008  1.2750533e-009 -3.3754000e+001  6.7300000e+000
  7.4000000e+001  1.9451367e-008  9.9730704e-010 -3.5341570e+001  4.8988000e+000
  7.6000000e+001  1.6059382e-008  1.2770490e-009 -3.6985080e+001  2.6952000e+000
  7.8000000e+001  1.2749001e-008  2.1583774e-009 -3.8684530e+001  1.1920000e-001
  8.0000000e+001  9.5265743e-009  3.6853902e-009 -4.0439920e+001 -2.8292000e+000
  8.2000000e+001  6.3984493e-009  5.9021855e-009 -4.2251250e+001 -6.1500000e+000
  8.4000000e+001  3.3709749e-009  8.8528614e-009 -4.4118520e+001 -9.8432000e+000
  8.6000000e+001  4.5049955e-010  1.2581516e-008 -4.6041730e+001 -1.3908800e+001
  8.8000000e+001 -2.3566281e-009  1.7132247e-008 -4.8020880e+001 -1.8346800e+001
  9.0000000e+001 -5.0440596e-009  2.2549154e-008 -5.0055970e+001 -2.3157200e+001
