  3.0000000e+001  1.4321999e-007  3.5440103e-008 -3.7731859e+001 -4.8393984e+001
  3.2000000e+001  1.2417868e-007  3.8209432e-008 -3.3225246e+001 -4.1566954e+001
  3.4000000e+001  1.0513737e-007  4.0978760e-008 -2.8718634e+001 -3.4739925e+001
  3.6000000e+001  8.6096060e-008  4.3748089e-008 -2.4212022e+001 -2.7912895e+001
  3.8000000e+001  7.4955343e-008  4.6517417e-008 -2.9660438e+001 -2.1085866e+001
  4.0000000e+001  7.9859170e-008  3.8235967e-008 -4.0165798e+001 -9.9029011e+000
  4.2000000e+001  8.3309513e-008  3.3941933e-008 -4.3297129e+001 -5.1696065e+000
  4.4000000e+001  7.8620622e-008  3.5559135e-008 -4.1563380e+001 -1.4968016e+001
  4.6000000e+001  6.3747764e-008  2.6118239e-008 -3.9288509e+001 -1.8260772e+001
  4.8000000e+001  6.7950527e-008  1.8628621e-008 -3.6935973e+001 -2.7637595e+001
  5.0000000e+001  7.1051283e-008  1.5873958e-008 -3.0657841e+001 -3.8722495e+001
  5.2000000e+001  6.6151882e-008  1.3655325e-008 -3.2480751e+001 -3.8956848e+001
  5.4000000e+001  5.6598558e-008  1.4380697e-008 -3.8603522e+001 -3.7637967e+001
  5.6000000e+001  5.1180884e-008  1.0018793e-008 -4.7573437e+001 -2.5292374e+001
  5.8000000e+001  4.7278473e-008  1.0989992e-008 -4.7668346e+001 -4.0373356e+000
  6.0000000e+001  5.1065203e-008  9.7954762e-009 -3.7775142e+001  2.5696834e+000
  6.2000000e+001  4.5930122e-008  6.7682191e-009 -4.1755443e+001  1.2868085e+001
  6.4000000e+001  4.0168379e-008  5.0357497e-009 -4.6586185e+001  1.2637000e+001
  6.6000000e+001  3.6272438e-008  3.9669774e-009 -4.8880519e+001  1.6891294e+001
  6.8000000e+001  3.3028760e-008  3.4863797e-009 -4.9682094e+001  1.4856092e+001
  7.0000000e+001  2.7890765e-008  1.6578349e-009 -5.6086973e+001  4.8816191e+000
  7.2000000e+001  2.3994650e-008  2.9716140e-009 -5.4710632e+001 -2.6175045e+001
  7.4000000e+001  2.0565521e-008  3.6502893e-009 -5.3135008e+001 -2.5068927e+001
  7.6000000e+001  1.6968187e-008  3.7196310e-009 -5.1850617e+001 -3.1553636e+001
  7.8000000e+001  1.3956909e-008  3.5479674e-009 -5.2218866e+001 -2.8605523e+001
  8.0000000e+001  1.1525659e-008  2.0682037e-009 -5.7168012e+001 -3.9193173e+001
  8.2000000e+001  9.6541357e-009  1.4354621e-009 -6.6781763e+001 -7.2922259e+001
  8.4000000e+001  7.7826126e-009  8.0272054e-010 -7.6395513e+001 -1.0665134e+002
  8.6000000e+001  5.9110894e-009  1.6997893e-010 -8.6009264e+001 -1.4038043e+002
  8.8000000e+001  4.0395663e-009 -4.6276267e-010 -9.5623014e+001 -1.7410952e+002
  9.0000000e+001  2.1680432e-009 -1.0955043e-009 -1.0523676e+002 -2.0783860e+002
