  3.0000000e+001  9.3097913e-008  6.2673429e-008  2.1737200e+001 -3.2616960e+000
  3.2000000e+001  8.8774584e-008  6.1449893e-008  1.8800000e+001 -2.2900000e+000
  3.4000000e+001  8.4470861e-008  5.9750452e-008  1.6133200e+001 -1.3126960e+000
  3.6000000e+001  8.0193638e-008  5.7624512e-008  1.3736800e+001 -3.2978400e-001
  3.8000000e+001  7.5949805e-008  5.5121480e-008  1.1610800e+001  6.5873600e-001
  4.0000000e+001  7.1746256e-008  5.2290763e-008  9.7552000e+000  1.6528640e+000
  4.2000000e+001  6.7589883e-008  4.9181770e-008  8.1700000e+000  2.6526000e+000
  4.4000000e+001  6.3487578e-008  4.5843906e-008  6.8552000e+000  3.6579440e+000
  4.6000000e+001  5.9446233e-008  4.2326580e-008  5.8108000e+000  4.6688960e+000
  4.8000000e+001  5.5472741e-008  3.8679198e-008  5.0368000e+000  5.6854560e+000
  5.0000000e+001  5.1573993e-008  3.4951168e-008  4.5332000e+000  6.7076240e+000
  5.2000000e+001  4.7756884e-008  3.1191898e-008  4.3000000e+000  7.7354000e+000
  5.4000000e+001  4.4028303e-008  2.7450793e-008  4.3372000e+000  8.7687840e+000
  5.6000000e+001  4.0395144e-008  2.3777262e-008  4.6448000e+000  9.8077760e+000
  5.8000000e+001  3.6864300e-008  2.0220712e-008  5.2228000e+000  1.0852376e+001
  6.0000000e+001  3.3442661e-008  1.6830550e-008  6.0712000e+000  1.1902584e+001
  6.2000000e+001  3.0137122e-008  1.3656183e-008  7.1900000e+000  1.2958400e+001
  6.4000000e+001  2.6954573e-008  1.0747019e-008  8.5792000e+000  1.4019824e+001
  6.6000000e+001  2.3901908e-008  8.1524648e-009  1.0238800e+001  1.5086856e+001
  6.8000000e+001  2.0986018e-008  5.9219275e-009  1.2168800e+001  1.6159496e+001
  7.0000000e+001  1.8213795e-008  4.1048145e-009  1.4369200e+001  1.7237744e+001
  7.2000000e+001  1.5592133e-008  2.7505330e-009  1.6840000e+001  1.8321600e+001
  7.4000000e+001  1.3127923e-008  1.9084904e-009  1.9581200e+001  1.9411064e+001
  7.6000000e+001  1.0828058e-008  1.6280938e-009  2.2592800e+001  2.0506136e+001
  7.8000000e+001  8.6994298e-009  1.9587505e-009  2.5874800e+001  2.1606816e+001
  8.0000000e+001  6.7489307e-009  2.9498678e-009  2.9427200e+001  2.2713104e+001
  8.2000000e+001  4.9834531e-009  4.6508529e-009  3.3250000e+001  2.3825000e+001
  8.4000000e+001  3.4098893e-009  7.1111130e-009  3.7343200e+001  2.4942504e+001
  8.6000000e+001  2.0351315e-009  1.0380055e-008  4.1706800e+001  2.6065616e+001
  8.8000000e+001  8.6607201e-010  1.4507087e-008  4.6340800e+001  2.7194336e+001
  9.0000000e+001 -9.0396823e-011  1.9541616e-008  5.1245200e+001  2.8328664e+001
