  3.0000000e+001  1.7371772e-007  8.8155303e-008  1.2000000e+001  0.0000000e+000
  3.2000000e+001  1.6260261e-007  8.2666236e-008  1.2000000e+001  0.0000000e+000
  3.4000000e+001  1.5148750e-007  7.7177170e-008  1.2000000e+001  0.0000000e+000
  3.6000000e+001  1.4037238e-007  7.1688103e-008  1.2000000e+001  0.0000000e+000
  3.8000000e+001  1.3008255e-007  6.7564894e-008  1.2000000e+001  0.0000000e+000
  4.0000000e+001  1.2647754e-007  6.5409550e-008  1.2000000e+001  0.0000000e+000
  4.2000000e+001  1.2225531e-007  6.3674468e-008  1.2000000e+001  0.0000000e+000
  4.4000000e+001  1.0837835e-007  5.7658978e-008  1.2000000e+001  0.0000000e+000
  4.6000000e+001  1.0259715e-007  4.9164690e-008  1.2000000e+001  0.0000000e+000
  4.8000000e+001  1.1311069e-007  4.7170056e-008  1.2000000e+001  0.0000000e+000
  5.0000000e+001  1.2442826e-007  4.5395125e-008  1.2000000e+001  0.0000000e+000
  5.2000000e+001  1.2577420e-007  4.3866574e-008  1.2000000e+001  0.0000000e+000
  5.4000000e+001  1.1234781e-007  4.2610925e-008  1.2000000e+001  0.0000000e+000
  5.6000000e+001  9.6540170e-008  4.1652867e-008  1.2000000e+001  0.0000000e+000
  5.8000000e+001  9.1661455e-008  3.3666218e-008  1.2000000e+001  0.0000000e+000
  6.0000000e+001  8.2361791e-008  3.0837607e-008  1.2000000e+001  0.0000000e+000
  6.2000000e+001  5.5727882e-008  2.6135921e-008  1.2000000e+001  0.0000000e+000
  6.4000000e+001  2.8063639e-008  2.0029200e-008  1.2000000e+001  0.0000000e+000
  6.6000000e+001  1.7052888e-008  1.3434451e-008  1.2000000e+001  0.0000000e+000
  6.8000000e+001  1.3906722e-008  1.1467269e-008  1.2000000e+001  0.0000000e+000
  7.0000000e+001  1.3063535e-008  1.1039502e-008  1.2000000e+001  0.0000000e+000
  7.2000000e+001  1.0739005e-008  9.3000476e-009  1.2000000e+001  0.0000000e+000
  7.4000000e+001  1.0835131e-008  7.8806529e-009  1.2000000e+001  0.0000000e+000
  7.6000000e+001  1.1212105e-008  8.4008145e-009  1.2000000e+001  0.0000000e+000
  7.8000000e+001  1.2307824e-008  8.1813058e-009  1.2000000e+001  0.0000000e+000
  8.0000000e+001  1.1991197e-008  7.8477476e-009  1.2000000e+001  0.0000000e+000
  8.2000000e+001  1.0697570e-008  9.6384631e-009  1.2000000e+001  0.0000000e+000
  8.4000000e+001  9.4039436e-009  1.1429179e-008  1.2000000e+001  0.0000000e+000
  8.6000000e+001  8.1103170e-009  1.3219894e-008  1.2000000e+001  0.0000000e+000
  8.8000000e+001  6.8166903e-009  1.5010609e-008  1.2000000e+001  0.0000000e+000
  9.0000000e+001  5.5230637e-009  1.6801325e-008  1.2000000e+001  0.0000000e+000
