  3.0000000e+001  1.0238395e-007  5.2148534e-008 -1.0669879e+001 -1.2472430e+001
  3.2000000e+001  9.0405024e-008  5.1998562e-008  3.4011759e+000 -6.5336792e+000
  3.4000000e+001  7.8426102e-008  5.1848591e-008  1.7472231e+001 -5.9492883e-001
  3.6000000e+001  6.6447180e-008  5.1698619e-008  3.1543285e+001  5.3438215e+000
  3.8000000e+001  5.3958636e-008  5.1548647e-008  3.0415590e+001  1.1282572e+001
  4.0000000e+001  4.5483849e-008  4.6514583e-008  1.8737970e+001  2.1795306e+001
  4.2000000e+001  4.4248402e-008  4.4324279e-008  1.3039354e+001  2.4249986e+001
  4.4000000e+001  4.4181315e-008  4.6221447e-008  2.0955548e+001  1.6816794e+001
  4.6000000e+001  4.1718721e-008  4.5217569e-008  3.6317023e+001  6.6532288e+000
  4.8000000e+001  4.6522541e-008  3.9043580e-008  3.8613062e+001 -2.2035809e-001
  5.0000000e+001  5.2766127e-008  3.4807930e-008  4.1207204e+001 -3.2599867e+000
  5.2000000e+001  4.6535331e-008  2.9880693e-008  4.1623516e+001 -8.4067957e+000
  5.4000000e+001  3.5686590e-008  2.5662298e-008  4.4261374e+001 -1.1561237e+001
  5.6000000e+001  2.0917598e-008  2.2150764e-008  3.5905809e+001  3.9841192e+000
  5.8000000e+001  1.8832314e-008  2.0140304e-008  2.9994510e+001  1.4591664e+001
  6.0000000e+001  2.7175156e-008  1.9037746e-008  3.6603419e+001 -1.4105889e+000
  6.2000000e+001  2.3363231e-008  1.5049633e-008  4.1204597e+001  8.8860483e+000
  6.4000000e+001  1.9870410e-008  1.1536823e-008  4.6383032e+001  1.6162815e+001
  6.6000000e+001  1.6773400e-008  9.7905600e-009  4.7056854e+001  1.5685317e+001
  6.8000000e+001  1.4603216e-008  8.5314656e-009  4.7549326e+001  1.8330088e+001
  7.0000000e+001  8.0700305e-009  7.6423638e-009  2.7206283e+001  5.1743683e+001
  7.2000000e+001  7.8293307e-009  5.4186704e-009  4.0212209e+001  4.9340870e+001
  7.4000000e+001  7.7928749e-009  3.8556285e-009  5.0406527e+001  5.1285242e+001
  7.6000000e+001  7.2320509e-009  2.2569230e-009  5.8015393e+001  4.0861073e+001
  7.8000000e+001  6.1650640e-009  1.3036536e-009  6.7041844e+001 -5.4526329e+000
  8.0000000e+001  4.6481717e-009  1.0100380e-009 -2.8486953e+002 -3.5200233e+001
  8.2000000e+001  2.8717624e-009  1.6898028e-009 -2.6106269e+002 -1.0515433e+002
  8.4000000e+001  1.0953531e-009  2.3695677e-009 -2.3725585e+002 -1.7510843e+002
  8.6000000e+001 -6.8105615e-010  3.0493325e-009 -2.1344902e+002 -2.4506253e+002
  8.8000000e+001 -2.4574654e-009  3.7290974e-009 -1.8964218e+002 -3.1501663e+002
  9.0000000e+001 -4.2338747e-009  4.4088623e-009 -1.6583535e+002 -3.8497073e+002
