  3.0000000e+001  1.3742373e-007  8.1815616e-008 -2.3219094e+001 -3.1036749e+001
  3.2000000e+001  1.1833332e-007  7.5378584e-008 -1.7733345e+001 -2.4859882e+001
  3.4000000e+001  9.9242902e-008  6.8941551e-008 -1.2247595e+001 -1.8683014e+001
  3.6000000e+001  8.0152487e-008  6.2504518e-008 -6.7618457e+000 -1.2506147e+001
  3.8000000e+001  7.3502812e-008  5.6067486e-008 -1.3133137e+001 -6.3292791e+000
  4.0000000e+001  7.6482498e-008  4.6170969e-008 -2.3295993e+001  2.9929514e+000
  4.2000000e+001  7.8698697e-008  4.1821645e-008 -2.7087717e+001  6.4291932e+000
  4.4000000e+001  7.4899727e-008  4.2709944e-008 -2.4095284e+001 -4.3041401e+000
  4.6000000e+001  6.1324840e-008  3.3392696e-008 -2.0528362e+001 -1.2721443e+001
  4.8000000e+001  6.5683796e-008  2.6612691e-008 -1.8112096e+001 -1.4241007e+001
  5.0000000e+001  6.7508175e-008  2.4362932e-008 -1.1956000e+001 -1.8616817e+001
  5.2000000e+001  6.1946396e-008  2.1508933e-008 -1.2592193e+001 -2.3400282e+001
  5.4000000e+001  5.1977746e-008  1.8217452e-008 -1.8370785e+001 -2.6369707e+001
  5.6000000e+001  4.4104180e-008  1.4581942e-008 -2.9732640e+001 -7.6190495e+000
  5.8000000e+001  4.1772762e-008  1.4876956e-008 -2.8820567e+001  3.0975374e+000
  6.0000000e+001  4.7692570e-008  1.2380438e-008 -1.8246331e+001  1.0015214e+001
  6.2000000e+001  4.1155315e-008  9.0886584e-009 -2.2254767e+001  2.4483375e+001
  6.4000000e+001  3.5207897e-008  6.5798984e-009 -2.7234743e+001  2.8288358e+001
  6.6000000e+001  3.1500983e-008  5.1054240e-009 -2.9829795e+001  3.4409149e+001
  6.8000000e+001  2.8769262e-008  4.5580516e-009 -3.0372855e+001  3.8617661e+001
  7.0000000e+001  2.3976613e-008  3.4203779e-009 -3.9261384e+001  4.8570859e+001
  7.2000000e+001  2.0178764e-008  2.8194440e-009 -3.7564015e+001  1.5020410e+001
  7.4000000e+001  1.7168209e-008  3.0731872e-009 -3.6026210e+001  2.1803883e+000
  7.6000000e+001  1.4336484e-008  2.9352695e-009 -3.5449963e+001 -1.5862923e+001
  7.8000000e+001  1.2029814e-008  2.7197611e-009 -3.6869429e+001 -2.6190754e+001
  8.0000000e+001  9.6787860e-009  2.3583932e-009 -3.9540071e+001 -1.8030399e+001
  8.2000000e+001  7.2775184e-009  2.7410548e-009 -4.2236683e+001 -1.7637382e+000
  8.4000000e+001  4.8762508e-009  3.1237164e-009 -4.4933295e+001  1.4502922e+001
  8.6000000e+001  2.4749832e-009  3.5063780e-009 -4.7629907e+001  3.0769583e+001
  8.8000000e+001  7.3715572e-011  3.8890396e-009 -5.0326519e+001  4.7036243e+001
  9.0000000e+001 -2.3275520e-009  4.2717012e-009 -5.3023131e+001  6.3302903e+001
