  3.0000000e+001  1.9100100e-007  6.5915218e-008 -6.0000000e+000  0.0000000e+000
  3.2000000e+001  1.8768382e-007  6.8400580e-008 -6.0000000e+000  0.0000000e+000
  3.4000000e+001  1.8436663e-007  7.0885942e-008 -6.0000000e+000  0.0000000e+000
  3.6000000e+001  1.8104945e-007  7.3371304e-008 -6.0000000e+000  0.0000000e+000
  3.8000000e+001  1.7576012e-007  6.5909218e-008 -6.0000000e+000  0.0000000e+000
  4.0000000e+001  1.7880279e-007  5.4015246e-008 -6.0000000e+000  0.0000000e+000
  4.2000000e+001  1.7158836e-007  4.8318924e-008 -6.0000000e+000  0.0000000e+000
  4.4000000e+001  1.4613481e-007  4.1521530e-008 -6.0000000e+000  0.0000000e+000
  4.6000000e+001  1.2907788e-007  3.4616013e-008 -6.0000000e+000  0.0000000e+000
  4.8000000e+001  1.3421592e-007  3.1569028e-008 -6.0000000e+000  0.0000000e+000
  5.0000000e+001  1.3437753e-007  2.8886233e-008 -6.0000000e+000  0.0000000e+000
  5.2000000e+001  1.2315769e-007  2.6677727e-008 -6.0000000e+000  0.0000000e+000
  5.4000000e+001  1.0846665e-007  2.5069176e-008 -6.0000000e+000  0.0000000e+000
  5.6000000e+001  1.0330748e-007  2.4180609e-008 -6.0000000e+000  0.0000000e+000
  5.8000000e+001  1.1837680e-007  2.3274068e-008 -6.0000000e+000  0.0000000e+000
  6.0000000e+001  1.2307963e-007  2.5485130e-008 -6.0000000e+000  0.0000000e+000
  6.2000000e+001  1.0174342e-007  2.5661154e-008 -6.0000000e+000  0.0000000e+000
  6.4000000e+001  7.3089543e-008  2.2365501e-008 -6.0000000e+000  0.0000000e+000
  6.6000000e+001  5.9497740e-008  1.5258036e-008 -6.0000000e+000  0.0000000e+000
  6.8000000e+001  5.0310238e-008  1.2292134e-008 -6.0000000e+000  0.0000000e+000
  7.0000000e+001  4.2937554e-008  1.2142725e-008 -6.0000000e+000  0.0000000e+000
  7.2000000e+001  3.2330317e-008  1.0999826e-008 -6.0000000e+000  0.0000000e+000
  7.4000000e+001  2.4796545e-008  1.1050628e-008 -6.0000000e+000  0.0000000e+000
  7.6000000e+001  2.1381143e-008  1.1275582e-008 -6.0000000e+000  0.0000000e+000
  7.8000000e+001  1.8532249e-008  1.2119086e-008 -6.0000000e+000  0.0000000e+000
  8.0000000e+001  1.5089861e-008  1.2291260e-008 -6.0000000e+000  0.0000000e+000
  8.2000000e+001  1.1601480e-008  1.3730746e-008 -6.0000000e+000  0.0000000e+000
  8.4000000e+001  8.1130991e-009  1.5170232e-008 -6.0000000e+000  0.0000000e+000
  8.6000000e+001  4.6247182e-009  1.6609718e-008 -6.0000000e+000  0.0000000e+000
  8.8000000e+001  1.1363373e-009  1.8049204e-008 -6.0000000e+000  0.0000000e+000
  9.0000000e+001 -2.3520435e-009  1.9488689e-008 -6.0000000e+000  0.0000000e+000
