  3.0000000e+001  1.0310817e-007  5.8260433e-008  1.6832000e+000 -1.2777150e+001
  3.2000000e+001  9.8532526e-008  5.7526652e-008  5.0000000e-001 -1.0750000e+001
  3.4000000e+001  9.4010224e-008  5.6275601e-008 -6.2480000e-001 -8.8111500e+000
  3.6000000e+001  8.9542428e-008  5.4559181e-008 -1.6912000e+000 -6.9606000e+000
  3.8000000e+001  8.5130301e-008  5.2429294e-008 -2.6992000e+000 -5.1983500e+000
  4.0000000e+001  8.0775005e-008  4.9937842e-008 -3.6488000e+000 -3.5244000e+000
  4.2000000e+001  7.6477704e-008  4.7136727e-008 -4.5400000e+000 -1.9387500e+000
  4.4000000e+001  7.2239561e-008  4.4077851e-008 -5.3728000e+000 -4.4140000e-001
  4.6000000e+001  6.8061737e-008  4.0813115e-008 -6.1472000e+000  9.6765000e-001
  4.8000000e+001  6.3945397e-008  3.7394422e-008 -6.8632000e+000  2.2884000e+000
  5.0000000e+001  5.9891702e-008  3.3873674e-008 -7.5208000e+000  3.5208500e+000
  5.2000000e+001  5.5901815e-008  3.0302772e-008 -8.1200000e+000  4.6650000e+000
  5.4000000e+001  5.1976900e-008  2.6733618e-008 -8.6608000e+000  5.7208500e+000
  5.6000000e+001  4.8118119e-008  2.3218115e-008 -9.1432000e+000  6.6884000e+000
  5.8000000e+001  4.4326635e-008  1.9808164e-008 -9.5672000e+000  7.5676500e+000
  6.0000000e+001  4.0603610e-008  1.6555667e-008 -9.9328000e+000  8.3586000e+000
  6.2000000e+001  3.6950208e-008  1.3512527e-008 -1.0240000e+001  9.0612500e+000
  6.4000000e+001  3.3367591e-008  1.0730644e-008 -1.0488800e+001  9.6756000e+000
  6.6000000e+001  2.9856922e-008  8.2619211e-009 -1.0679200e+001  1.0201650e+001
  6.8000000e+001  2.6419363e-008  6.1582601e-009 -1.0811200e+001  1.0639400e+001
  7.0000000e+001  2.3056079e-008  4.4715629e-009 -1.0884800e+001  1.0988850e+001
  7.2000000e+001  1.9768230e-008  3.2537313e-009 -1.0900000e+001  1.1250000e+001
  7.4000000e+001  1.6556980e-008  2.5566674e-009 -1.0856800e+001  1.1422850e+001
  7.6000000e+001  1.3423493e-008  2.4322729e-009 -1.0755200e+001  1.1507400e+001
  7.8000000e+001  1.0368930e-008  2.9324499e-009 -1.0595200e+001  1.1503650e+001
  8.0000000e+001  7.3944545e-009  4.1091002e-009 -1.0376800e+001  1.1411600e+001
  8.2000000e+001  4.5012292e-009  6.0141258e-009 -1.0100000e+001  1.1231250e+001
  8.4000000e+001  1.6904169e-009  8.6994286e-009 -9.7648000e+000  1.0962600e+001
  8.6000000e+001 -1.0368195e-009  1.2216910e-008 -9.3712000e+000  1.0605650e+001
  8.8000000e+001 -3.6793174e-009  1.6618473e-008 -8.9192000e+000  1.0160400e+001
  9.0000000e+001 -6.2359139e-009  2.1956019e-008 -8.4088000e+000  9.6268500e+000
