  3.0000000e+001  8.2240445e-008  4.7179661e-008  1.7365250e+001  1.9245800e+001
  3.2000000e+001  7.7276853e-008  4.8869936e-008  1.9200000e+001  1.5250000e+001
  3.4000000e+001  7.2502066e-008  4.9775136e-008  2.0989250e+001  1.1743800e+001
  3.6000000e+001  6.7911235e-008  4.9959727e-008  2.2733000e+001  8.7272000e+000
  3.8000000e+001  6.3499511e-008  4.9488173e-008  2.4431250e+001  6.2002000e+000
  4.0000000e+001  5.9262044e-008  4.8424938e-008  2.6084000e+001  4.1628000e+000
  4.2000000e+001  5.5193986e-008  4.6834488e-008  2.7691250e+001  2.6150000e+000
  4.4000000e+001  5.1290488e-008  4.4781288e-008  2.9253000e+001  1.5568000e+000
  4.6000000e+001  4.7546701e-008  4.2329802e-008  3.0769250e+001  9.8820000e-001
  4.8000000e+001  4.3957775e-008  3.9544495e-008  3.2240000e+001  9.0920000e-001
  5.0000000e+001  4.0518863e-008  3.6489832e-008  3.3665250e+001  1.3198000e+000
  5.2000000e+001  3.7225113e-008  3.3230277e-008  3.5045000e+001  2.2200000e+000
  5.4000000e+001  3.4071679e-008  2.9830296e-008  3.6379250e+001  3.6098000e+000
  5.6000000e+001  3.1053710e-008  2.6354354e-008  3.7668000e+001  5.4892000e+000
  5.8000000e+001  2.8166358e-008  2.2866915e-008  3.8911250e+001  7.8582000e+000
  6.0000000e+001  2.5404773e-008  1.9432443e-008  4.0109000e+001  1.0716800e+001
  6.2000000e+001  2.2764107e-008  1.6115405e-008  4.1261250e+001  1.4065000e+001
  6.4000000e+001  2.0239511e-008  1.2980264e-008  4.2368000e+001  1.7902800e+001
  6.6000000e+001  1.7826135e-008  1.0091486e-008  4.3429250e+001  2.2230200e+001
  6.8000000e+001  1.5519131e-008  7.5135352e-009  4.4445000e+001  2.7047200e+001
  7.0000000e+001  1.3313649e-008  5.3108763e-009  4.5415250e+001  3.2353800e+001
  7.2000000e+001  1.1204841e-008  3.5479744e-009  4.6340000e+001  3.8150000e+001
  7.4000000e+001  9.1878575e-009  2.2892942e-009  4.7219250e+001  4.4435800e+001
  7.6000000e+001  7.2578493e-009  1.5993006e-009  4.8053000e+001  5.1211200e+001
  7.8000000e+001  5.4099676e-009  1.5424584e-009  4.8841250e+001  5.8476200e+001
  8.0000000e+001  3.6393634e-009  2.1832324e-009  4.9584000e+001  6.6230800e+001
  8.2000000e+001  1.9411876e-009  3.5860874e-009  5.0281250e+001  7.4475000e+001
  8.4000000e+001  3.1059123e-010  5.8154883e-009  5.0933000e+001  8.3208800e+001
  8.6000000e+001 -1.2572747e-009  8.9358998e-009  5.1539250e+001  9.2432200e+001
  8.8000000e+001 -2.7672593e-009  1.3011787e-008  5.2100000e+001  1.0214520e+002
  9.0000000e+001 -4.2242115e-009  1.8107614e-008  5.2615250e+001  1.1234780e+002
