  3.0000000e+001  1.8939321e-007  5.7581893e-008 -1.2000000e+001  0.0000000e+000
  3.2000000e+001  1.8586396e-007  6.1703611e-008 -1.2000000e+001  0.0000000e+000
  3.4000000e+001  1.8233471e-007  6.5825329e-008 -1.2000000e+001  0.0000000e+000
  3.6000000e+001  1.7880546e-007  6.9947048e-008 -1.2000000e+001  0.0000000e+000
  3.8000000e+001  1.7583220e-007  6.0167404e-008 -1.2000000e+001  0.0000000e+000
  4.0000000e+001  1.8448423e-007  4.5255126e-008 -1.2000000e+001  0.0000000e+000
  4.2000000e+001  1.7887929e-007  4.1192363e-008 -1.2000000e+001  0.0000000e+000
  4.4000000e+001  1.5149295e-007  3.3485421e-008 -1.2000000e+001  0.0000000e+000
  4.6000000e+001  1.2931076e-007  2.6039466e-008 -1.2000000e+001  0.0000000e+000
  4.8000000e+001  1.3063189e-007  2.2758945e-008 -1.2000000e+001  0.0000000e+000
  5.0000000e+001  1.2966901e-007  1.9704409e-008 -1.2000000e+001  0.0000000e+000
  5.2000000e+001  1.1960302e-007  1.6998126e-008 -1.2000000e+001  0.0000000e+000
  5.4000000e+001  1.0752256e-007  1.4831965e-008 -1.2000000e+001  0.0000000e+000
  5.6000000e+001  1.0671586e-007  1.3469094e-008 -1.2000000e+001  0.0000000e+000
  5.8000000e+001  1.2269376e-007  1.4195578e-008 -1.2000000e+001  0.0000000e+000
  6.0000000e+001  1.2791711e-007  1.6711422e-008 -1.2000000e+001  0.0000000e+000
  6.2000000e+001  1.0754621e-007  2.0622674e-008 -1.2000000e+001  0.0000000e+000
  6.4000000e+001  8.0788842e-008  2.0455741e-008 -1.2000000e+001  0.0000000e+000
  6.6000000e+001  6.7142940e-008  1.4045477e-008 -1.2000000e+001  0.0000000e+000
  6.8000000e+001  5.7211422e-008  1.0159745e-008 -1.2000000e+001  0.0000000e+000
  7.0000000e+001  4.9442504e-008  9.9828512e-009 -1.2000000e+001  0.0000000e+000
  7.2000000e+001  3.9455159e-008  1.0073769e-008 -1.2000000e+001  0.0000000e+000
  7.4000000e+001  3.1344742e-008  1.0667010e-008 -1.2000000e+001  0.0000000e+000
  7.6000000e+001  2.6160678e-008  1.0783090e-008 -1.2000000e+001  0.0000000e+000
  7.8000000e+001  2.1625167e-008  1.1189171e-008 -1.2000000e+001  0.0000000e+000
  8.0000000e+001  1.7464296e-008  1.1621031e-008 -1.2000000e+001  0.0000000e+000
  8.2000000e+001  1.3916950e-008  1.3088801e-008 -1.2000000e+001  0.0000000e+000
  8.4000000e+001  1.0369604e-008  1.4556572e-008 -1.2000000e+001  0.0000000e+000
  8.6000000e+001  6.8222580e-009  1.6024343e-008 -1.2000000e+001  0.0000000e+000
  8.8000000e+001  3.2749119e-009  1.7492113e-008 -1.2000000e+001  0.0000000e+000
  9.0000000e+001 -2.7243420e-010  1.8959884e-008 -1.2000000e+001  0.0000000e+000
