  3.0000000e+001  1.2553948e-007  8.5395715e-008 -1.6679911e+001 -4.4134430e+000
  3.2000000e+001  1.0836345e-007  7.9190294e-008 -5.2113270e+000 -7.4356829e-001
  3.4000000e+001  9.1187411e-008  7.2984874e-008  6.2572572e+000  2.9263064e+000
  3.6000000e+001  7.4011375e-008  6.6779453e-008  1.7725841e+001  6.5961810e+000
  3.8000000e+001  6.4268795e-008  6.0574033e-008  1.4284711e+001  1.0266056e+001
  4.0000000e+001  5.9544384e-008  5.1265780e-008  2.0509562e+000  1.8650467e+001
  4.2000000e+001  5.9765353e-008  4.8067725e-008 -2.3091504e+000  1.9813168e+001
  4.4000000e+001  5.8790353e-008  4.8412560e-008  2.9486448e+000  1.0696019e+001
  4.6000000e+001  5.1146273e-008  4.0766858e-008  8.3583986e+000 -4.7863512e-001
  4.8000000e+001  5.5726662e-008  3.6210059e-008  1.2930401e+001 -2.9453809e+000
  5.0000000e+001  6.1660156e-008  3.2412988e-008  1.8936583e+001 -8.2202607e+000
  5.2000000e+001  5.4957905e-008  2.8732866e-008  1.8652917e+001 -1.5095249e+001
  5.4000000e+001  4.2223339e-008  2.4217628e-008  1.7626400e+001 -1.6553067e+001
  5.6000000e+001  3.3300815e-008  1.6884520e-008  1.8627401e+000 -5.7933075e+000
  5.8000000e+001  3.0570104e-008  1.6773590e-008 -7.5767542e-001  1.2198761e+001
  6.0000000e+001  3.3356768e-008  1.7399683e-008  1.3217401e+001  1.0161879e+001
  6.2000000e+001  2.8376887e-008  1.4071282e-008  1.3679805e+001  2.1050350e+001
  6.4000000e+001  2.4480732e-008  1.0375170e-008  1.3161709e+001  2.3708208e+001
  6.6000000e+001  2.1895153e-008  7.8114112e-009  1.0074223e+001  1.8978141e+001
  6.8000000e+001  1.9897177e-008  6.5566050e-009  9.6083216e+000  2.3005260e+001
  7.0000000e+001  1.5382507e-008  6.1851524e-009 -7.7756923e+000  4.8072265e+001
  7.2000000e+001  1.3302549e-008  4.6238390e-009 -1.2129053e+000  3.8713072e+001
  7.4000000e+001  1.1827525e-008  3.7821484e-009  4.4252120e+000  3.5095108e+001
  7.6000000e+001  9.9797328e-009  2.8546863e-009  1.0222465e+001  1.8212037e+001
  7.8000000e+001  8.3151468e-009  2.5133526e-009  1.7432510e+001 -1.6520608e+000
  8.0000000e+001  6.9885102e-009  2.1362372e-009  3.7539860e+001  5.7813271e+000
  8.2000000e+001  6.1077393e-009  1.0975416e-009  6.7934085e+001  2.0621795e+001
  8.4000000e+001  5.2269684e-009  5.8846118e-011  9.8328309e+001  3.5462262e+001
  8.6000000e+001  4.3461975e-009 -9.7984941e-010  1.2872253e+002  5.0302730e+001
  8.8000000e+001  3.4654266e-009 -2.0185449e-009  1.5911676e+002  6.5143198e+001
  9.0000000e+001  2.5846557e-009 -3.0572405e-009  1.8951098e+002  7.9983665e+001
