  3.0000000e+001  1.9294528e-007  7.6940378e-008  0.0000000e+000  0.0000000e+000
  3.2000000e+001  1.8811984e-007  7.6715814e-008  0.0000000e+000  0.0000000e+000
  3.4000000e+001  1.8329441e-007  7.6491250e-008  0.0000000e+000  0.0000000e+000
  3.6000000e+001  1.7846898e-007  7.6266686e-008  0.0000000e+000  0.0000000e+000
  3.8000000e+001  1.7105703e-007  7.0153186e-008  0.0000000e+000  0.0000000e+000
  4.0000000e+001  1.7070773e-007  6.0936753e-008  0.0000000e+000  0.0000000e+000
  4.2000000e+001  1.6330031e-007  5.6218471e-008  0.0000000e+000  0.0000000e+000
  4.4000000e+001  1.4033106e-007  5.0514594e-008  0.0000000e+000  0.0000000e+000
  4.6000000e+001  1.2584536e-007  4.2238771e-008  0.0000000e+000  0.0000000e+000
  4.8000000e+001  1.3675480e-007  3.8746259e-008  0.0000000e+000  0.0000000e+000
  5.0000000e+001  1.4318449e-007  3.5477931e-008  0.0000000e+000  0.0000000e+000
  5.2000000e+001  1.3553481e-007  3.2501487e-008  0.0000000e+000  0.0000000e+000
  5.4000000e+001  1.1888690e-007  2.9904212e-008  0.0000000e+000  0.0000000e+000
  5.6000000e+001  1.0604208e-007  2.7792611e-008  0.0000000e+000  0.0000000e+000
  5.8000000e+001  1.1320767e-007  2.5109376e-008  0.0000000e+000  0.0000000e+000
  6.0000000e+001  1.1404954e-007  2.6552101e-008  0.0000000e+000  0.0000000e+000
  6.2000000e+001  9.3301806e-008  2.5783069e-008  0.0000000e+000  0.0000000e+000
  6.4000000e+001  6.3146575e-008  2.1498155e-008  0.0000000e+000  0.0000000e+000
  6.6000000e+001  4.8910213e-008  1.4415362e-008  0.0000000e+000  0.0000000e+000
  6.8000000e+001  4.1055133e-008  1.2799264e-008  0.0000000e+000  0.0000000e+000
  7.0000000e+001  3.4748808e-008  1.3323015e-008  0.0000000e+000  0.0000000e+000
  7.2000000e+001  2.5582408e-008  1.1650660e-008  0.0000000e+000  0.0000000e+000
  7.4000000e+001  1.9294757e-008  1.0978631e-008  0.0000000e+000  0.0000000e+000
  7.6000000e+001  1.7262405e-008  1.1161591e-008  0.0000000e+000  0.0000000e+000
  7.8000000e+001  1.5786563e-008  1.1698104e-008  0.0000000e+000  0.0000000e+000
  8.0000000e+001  1.2851042e-008  1.1455606e-008  0.0000000e+000  0.0000000e+000
  8.2000000e+001  9.3244236e-009  1.2838127e-008  0.0000000e+000  0.0000000e+000
  8.4000000e+001  5.7978054e-009  1.4220647e-008  0.0000000e+000  0.0000000e+000
  8.6000000e+001  2.2711872e-009  1.5603168e-008  0.0000000e+000  0.0000000e+000
  8.8000000e+001 -1.2554310e-009  1.6985688e-008  0.0000000e+000  0.0000000e+000
  9.0000000e+001 -4.7820493e-009  1.8368209e-008  0.0000000e+000  0.0000000e+000
