  3.0000000e+001  1.3134996e-007  8.4097663e-008 -1.7472413e+001 -7.0824410e+000
  3.2000000e+001  1.1474862e-007  7.7874010e-008 -1.0502872e+001 -4.0247857e+000
  3.4000000e+001  9.8147286e-008  7.1650357e-008 -3.5333312e+000 -9.6713040e-001
  3.6000000e+001  8.1545951e-008  6.5426704e-008  3.4362096e+000  2.0905249e+000
  3.8000000e+001  7.2814122e-008  5.9203051e-008 -6.5964013e-001  5.1481802e+000
  4.0000000e+001  7.1200905e-008  4.9654205e-008 -1.1320458e+001  1.3217524e+001
  4.2000000e+001  7.2197524e-008  4.6072950e-008 -1.4758546e+001  1.5467265e+001
  4.4000000e+001  6.9424607e-008  4.6994885e-008 -1.0115480e+001  4.7140010e+000
  4.6000000e+001  5.9425225e-008  3.8270194e-008 -4.8220394e+000 -5.0048687e+000
  4.8000000e+001  6.2731356e-008  3.3054719e-008 -1.9859168e+000 -7.3447832e+000
  5.0000000e+001  6.6127079e-008  2.9721634e-008  4.0213647e+000 -1.1467639e+001
  5.2000000e+001  5.9767418e-008  2.5667777e-008  3.6536333e+000 -1.6587626e+001
  5.4000000e+001  4.7770655e-008  2.2953919e-008 -3.2317679e-001 -1.8980311e+001
  5.6000000e+001  3.8272709e-008  1.9528986e-008 -1.4015089e+001 -4.8368976e+000
  5.8000000e+001  3.7259215e-008  1.9146747e-008 -1.5218015e+001  4.5758982e+000
  6.0000000e+001  4.3376639e-008  1.8463409e-008 -6.7554751e+000  2.2701137e+000
  6.2000000e+001  3.7168005e-008  1.4734332e-008 -8.4118889e+000  1.3929458e+001
  6.4000000e+001  3.1559005e-008  1.0400607e-008 -9.2555806e+000  1.8967483e+001
  6.6000000e+001  2.7523356e-008  7.5191459e-009 -1.0744691e+001  2.0963566e+001
  6.8000000e+001  2.4508311e-008  6.2810010e-009 -1.0784146e+001  2.5846123e+001
  7.0000000e+001  2.0689742e-008  5.8533463e-009 -2.3476551e+001  4.8113174e+001
  7.2000000e+001  1.7276864e-008  4.5854234e-009 -2.0135181e+001  3.0350250e+001
  7.4000000e+001  1.4509570e-008  4.0103665e-009 -1.6267842e+001  1.5317371e+001
  7.6000000e+001  1.2075603e-008  3.3286477e-009 -1.2846003e+001  8.4411655e-002
  7.8000000e+001  1.0039052e-008  3.0523394e-009 -1.0606523e+001 -9.5996868e+000
  8.0000000e+001  7.8182016e-009  3.2971742e-009 -5.9648264e+000  1.4454389e+000
  8.2000000e+001  5.2812194e-009  3.7396843e-009  4.7426321e-001  7.6239156e+000
  8.4000000e+001  2.7442371e-009  4.1821944e-009  6.9133528e+000  1.3802392e+001
  8.6000000e+001  2.0725483e-010  4.6247045e-009  1.3352442e+001  1.9980869e+001
  8.8000000e+001 -2.3297274e-009  5.0672146e-009  1.9791532e+001  2.6159346e+001
  9.0000000e+001 -4.8667097e-009  5.5097247e-009  2.6230622e+001  3.2337822e+001
